  -2.2924419e-02
  -5.4489549e-02
  -2.4787779e-01
  -1.3401504e-01
  -3.0700499e-01
   2.7733280e-03
  -1.7330501e-02
  -3.0103377e-01
  -1.9535309e-01
  -1.1171164e-01
  -7.8983657e-02
   3.9236460e-02
  -4.6103008e-02
  -1.4155632e-01
  -1.4538747e-01
  -2.8289627e-02
  -1.7889853e-01
  -1.5124480e-01
  -7.5520450e-01
  -3.4314532e-02
  -2.1112490e-01
  -3.0410585e-01
  -4.1519952e-01
   3.2158643e-02
  -8.2138404e-02
  -2.2099180e-02
  -3.4441227e-01
  -3.2110620e-02
   1.9228816e-01
  -4.3445498e-01
  -9.1897100e-02
  -2.9397035e-01
  -2.4609011e-01
  -3.0949441e-01
  -1.2119420e-01
  -1.9324729e-02
  -2.2371112e-01
   3.3560451e-02
  -3.6032474e-01
   3.8275074e-02
  -1.7547294e-01
  -4.3691276e-03
  -2.5987032e-01
  -1.2121791e-01
  -2.5946883e-02
   5.8558945e-02
   1.4442198e-01
  -1.0301603e-01
  -1.7609736e-01
  -8.5623665e-03
  -4.3955352e-03
   1.8120430e-02
   4.4475798e-03
  -1.2065212e-01
  -1.3141260e-02
  -2.2391708e-01
  -6.3606061e-02
   5.0006157e-01
  -8.7310445e-01
   1.0565023e-01
  -3.3155289e-01
  -1.2497630e-01
  -4.3655524e-01
   4.6195030e-02
