   5.2862334e-01
   1.0110490e+00
  -6.6249114e-01
  -6.8184739e-01
  -3.9154217e-02
   9.2312986e-01
  -6.3900363e-01
   6.1149936e-02
   9.8327529e-01
  -6.1218292e-02
  -3.9674032e-01
  -1.9870259e-01
   1.1283165e+00
  -6.3355035e-01
  -5.3443426e-01
   8.5119122e-01
   3.3149335e-01
   8.7159371e-01
   8.2395089e-01
  -2.8622566e-02
  -7.9691750e-01
  -1.3452996e-01
   5.6702757e-01
  -2.0883265e-01
   7.3961085e-01
  -8.8538694e-01
  -4.6230507e-01
   1.1770980e+00
  -7.8598303e-01
   1.4092684e+00
   4.7129408e-01
   1.3819809e+00
  -8.0082548e-01
  -6.6074634e-01
  -2.9648805e-02
  -5.3881472e-01
  -1.0352071e-02
   1.2165027e+00
  -1.2149439e+00
  -3.8191095e-02
  -4.6274742e-01
   6.5714812e-01
   1.2567267e-01
  -5.2699929e-01
  -6.7387205e-01
  -1.0727861e+00
   0.0000000e+00
  -8.1325702e-02
  -2.5702789e-01
   1.9541234e-01
  -1.0502303e-02
   8.2943153e-01
  -3.0005425e-01
  -1.7651029e-01
   7.2172451e-01
  -4.3991256e-01
   1.0341355e+00
  -8.0563825e-01
  -1.2020370e+00
   3.1263486e-02
  -2.7553257e-01
   1.0622398e+00
  -4.7001854e-01
  -6.6728103e-01
