   9.2286986e-01
  -1.0206890e+00
  -3.4801710e-01
  -4.1499946e-01
  -7.3981196e-01
  -4.8680866e-01
   3.0683321e-01
   4.9583939e-01
   3.8884301e-02
   7.5083220e-01
  -1.5722497e-01
   4.5892823e-01
   5.3484428e-01
  -4.3791860e-01
  -3.0186510e-01
  -7.7936299e-02
  -1.8067280e+00
   1.0246872e+00
  -2.4202897e-01
  -6.5198475e-01
  -9.3682662e-02
  -6.1379749e-01
  -4.7994938e-02
   5.1777285e-01
   8.8920988e-02
  -4.8341152e-01
   6.5275979e-01
  -6.9232009e-02
   5.5661094e-01
   1.4624109e+00
  -3.8749200e-01
   1.1634763e-01
  -6.9882888e-01
  -4.7473821e-01
   3.6995420e-01
  -5.5169386e-01
  -1.0167969e+00
   4.1668984e-01
   6.9512522e-01
   1.1071425e-01
   2.2811940e-01
   1.4834051e-01
   5.6464273e-01
  -9.7488594e-01
  -2.9216671e-01
  -2.7281194e+00
   4.0532851e-01
   6.3247728e-01
  -3.5344297e-01
   7.9810041e-01
   4.3508965e-01
   7.6905894e-01
  -1.6247154e+00
  -5.6596380e-01
   6.0780251e-01
   1.9736486e-02
   3.9278737e-01
  -5.8506429e-02
  -2.8024924e-01
  -3.7929833e-01
   3.2774794e-01
   5.7862568e-01
  -1.9286084e+00
   3.0582014e-01
