  -5.8379281e-01
  -4.6028885e-01
  -1.1726425e+00
  -8.5126621e-01
   7.9731524e-02
  -5.6783193e-01
  -4.5857379e-01
  -1.0036538e+00
  -1.1949327e+00
  -5.6232572e-01
  -9.5331013e-01
  -6.7685664e-01
  -1.1546357e+00
  -3.8581184e-01
  -1.2236472e+00
  -5.9274651e-02
  -2.4972172e-01
  -9.1355318e-01
  -7.4236296e-02
   9.8053195e-02
  -7.8376472e-01
  -1.0115775e+00
  -1.7313319e-01
  -1.1085379e+00
  -3.8436976e-01
  -6.7848027e-01
  -6.1660683e-01
  -2.7518994e-01
  -5.4475272e-01
  -1.0785830e+00
  -2.0042151e-01
  -3.7337372e-01
  -8.5235345e-01
  -7.9937047e-01
  -8.4991944e-01
  -1.3990691e-01
  -6.6315317e-01
  -1.2229744e+00
  -5.1224732e-01
  -1.2159280e+00
  -5.2644962e-01
   2.7859294e-01
  -4.6364686e-01
  -3.8520712e-01
  -2.9539666e-01
  -5.2867156e-01
  -4.5263338e-01
  -1.2337959e+00
  -1.2379165e+00
  -5.1248610e-01
  -1.1571450e+00
  -2.8481889e-01
  -1.2102869e+00
  -9.3200451e-01
  -5.8970940e-01
  -7.6041710e-01
   5.6518221e-01
  -1.1063855e+00
  -1.2028409e+00
  -1.5576611e-01
  -4.7984868e-01
  -1.1464742e+00
  -8.6165112e-01
  -5.6935841e-01
