  -9.3046337e-02
  -1.2816285e+00
  -7.9768032e-02
  -7.6861537e-01
  -1.5687470e+00
   8.2012266e-01
  -7.4045189e-02
  -7.0663124e-01
  -1.1842624e+00
  -1.0452845e+00
  -1.9425331e+00
   3.6620730e-01
   1.8069749e+00
   1.2158355e+00
  -1.2003312e+00
  -1.4444051e+00
  -6.0850197e-01
   9.3974036e-01
  -2.3367441e-01
  -5.5756325e-01
  -8.7680772e-02
  -1.2767994e+00
  -7.3808342e-02
  -1.0527869e+00
  -1.7519683e+00
  -1.0388738e+00
  -7.2618836e-01
  -1.5539256e+00
  -1.2658645e+00
   1.3258908e+00
  -8.7305808e-01
   8.3477557e-01
  -8.2667994e-01
   1.1911135e+00
  -1.0375335e+00
  -2.0852840e+00
  -1.5495207e+00
  -1.4534007e+00
   1.2023518e+00
   1.9300222e-02
  -8.8112749e-02
  -1.1293150e+00
  -6.1950070e-01
  -6.1035258e-01
   9.5599550e-01
  -8.2497835e-01
  -1.6379043e+00
   2.5237310e+00
   2.8289410e-01
   5.4577678e-01
  -1.2565796e+00
   1.3198736e+00
  -7.4478120e-02
   2.1363001e+00
  -6.7430699e-01
   1.3944973e+00
   7.0353526e-01
  -6.1619103e-02
  -2.3299901e-01
  -1.3914040e+00
  -8.3702993e-01
   2.0156426e+00
  -1.3144881e+00
  -6.7641371e-01
