   9.0499622e-01
  -3.5952929e-01
   5.6933016e-01
  -7.8279012e-01
   1.6709577e+00
  -1.5261342e-01
  -1.2984619e-01
  -1.5859945e-01
   1.1107115e+00
  -1.0216262e-01
   4.9673316e-01
  -1.1293811e-01
  -1.3217369e+00
   1.0014172e+00
  -1.0952996e-01
  -1.0850949e+00
  -4.5508692e-01
  -1.7295806e-01
  -1.7272083e-01
   9.7708154e-01
   1.6479251e+00
  -1.9684631e-01
  -1.2697095e-01
  -1.3344394e+00
  -1.3938679e+00
  -1.3994046e-01
   1.1740605e+00
   7.4516261e-01
   3.4241778e-01
  -2.5996637e-01
   2.4921736e-01
  -1.0402118e-01
   2.0457871e+00
  -8.4564173e-01
  -2.5974450e+00
   1.8514144e+00
   3.5771523e-02
  -3.8740429e-01
  -1.8805330e+00
   1.6077021e+00
   1.1906711e-01
   1.4628137e+00
  -4.8726109e-01
  -1.2727419e-01
  -4.8713264e-01
  -1.0451572e+00
  -1.0029504e-01
  -1.2909819e+00
  -9.7925469e-02
  -2.1610906e+00
  -7.1258461e-01
  -1.9706994e-01
  -1.0717909e+00
   5.9237742e-01
   2.3965064e-01
   7.2021604e-01
   1.3371568e+00
   1.5888155e+00
   3.3340555e-02
  -4.9643162e-01
   6.4116716e-01
   1.8126628e+00
  -1.3021227e+00
   7.0141774e-01
