  -5.5027157e-01  -1.0271293e+00  -5.7535067e-02  -2.2591665e-01  -1.0485283e+00   4.3911096e-02
  -3.2885319e-01  -1.7625190e-01  -2.8805941e-01  -5.9012235e-03  -1.3184410e-01   5.7245415e-02
  -6.1211834e-04   3.9181869e-02   1.9942042e-03  -1.3601464e+00   4.9068384e-02   1.6959465e-01
   1.7582117e+00  -2.1473515e-01  -1.8488044e-01  -2.1962409e-01  -3.0262086e-01   1.1499419e+00
   4.6254587e+00  -1.0824484e-01  -3.7178573e-01   3.4815145e-03   1.5571141e+00  -1.9034600e-02
   5.0425559e-01   1.4803590e+00  -7.9267126e-01  -1.1717718e-01  -1.1890128e-01  -1.9425359e-01
  -1.2975758e+00  -7.6855958e-02  -1.3061633e+00  -1.2260298e-01  -1.4408107e+00  -1.5107150e-01
  -1.5878052e-01  -9.4018161e-01   8.0581135e-01  -1.3377147e+00  -7.4427702e-02  -2.7527649e-02
   1.1523116e-02  -7.4772418e-02   3.8905617e-02  -1.3281304e+00  -9.1146596e-04  -3.3057682e-02
  -9.8243862e-02  -4.2272484e-01   2.3899534e-01   4.1458988e-01   2.4567929e-01   8.9445478e-01
   2.6113763e-01  -5.7974398e-01   8.9888704e-01   1.1629459e+00  -3.1877273e-01  -8.2634941e-02
  -2.6018922e+00   3.8173431e-01  -1.1043533e+00  -9.7271770e-02  -1.2081522e+00  -9.3213040e-01
  -4.4853687e-03   3.5530663e-01   3.6224565e-01   1.3536203e+00  -2.2262651e-02  -6.4153172e-02
  -2.6991674e-01   2.1174617e+00   4.3353698e-01  -2.4441379e-01  -2.9662988e-01   4.0002754e-01
   4.9826059e-02   1.1769889e-01   7.0816286e-02   1.3786047e+00   2.3724467e-02   3.5627075e-02
  -3.3310752e+00  -5.1540983e-01  -6.4117365e-02  -8.4063932e-02  -8.2259136e-01   5.2711375e-02
   2.7270570e+00  -1.1161841e+00  -5.1591414e-01   1.0442354e-01  -4.8181331e-01  -2.4849102e-02
   5.0801253e-01  -4.4305095e-01  -7.0201790e-01   1.5361899e-01   1.0186864e+00  -1.0042694e+00
   2.9132244e-01   1.3297752e-01  -1.7905321e+00  -2.1668022e-02   2.0644155e+00  -6.4640380e-02
   5.4511052e-01  -9.6247840e-01   1.3971934e+00  -2.6319250e-01   1.1407946e+00   2.3279263e-01
  -1.0227609e+00   2.1825700e+00  -5.4639459e-01   5.8722222e-01  -7.2326779e-02  -1.1527877e-02
  -9.4398350e-01   1.2528570e+00   3.2542497e-01   1.1950990e+00  -3.1298515e-01  -2.7107436e-02
  -2.0519200e-01  -2.5004148e+00   1.9214483e-03   5.2488565e-02   4.4327500e-01   2.2583962e-03
  -4.8043210e-02   5.5340415e-01  -5.9265252e-02   1.1787082e+00  -6.6176131e-02  -7.2412330e-01
  -6.1574072e-02  -9.5734030e-02  -2.7116933e+00  -4.9276758e-02  -4.1810669e-02  -6.5772743e-03
   1.7711759e+00  -2.3591094e+00  -1.2475801e-01  -1.0574985e+00   1.9459522e-01   9.1225475e-02
  -1.2451642e+00  -5.9642911e-01   3.2317292e-02  -4.1047987e-01  -2.2013026e-01   9.4817656e-01
   3.4543219e+00  -2.3550995e-01  -1.9335544e+00   4.3314338e-02   1.7578644e+00  -6.6550218e-02
  -3.9267423e+00   3.8607415e-02  -1.2678117e+00   1.5163330e-02  -1.5245771e+00   1.0936095e-01
   1.9244699e-01   4.2565489e-01   1.7761832e-01   1.1774623e+00   5.2175019e-02   8.6261511e-02
   3.6460967e+00   6.9093788e-01  -1.4150897e+00  -1.1428632e-01   1.2227573e+00   9.2554033e-02
   2.7184765e+00   1.3321956e+00   1.6699888e-01   5.3159094e-01   2.3380922e-01   2.4915496e-03
   1.5737842e+00   6.7790520e-01   1.9215826e+00  -3.6417204e-01  -4.1376033e-01  -1.2265605e-01
   2.0307101e-01   3.2049891e-02  -7.2068423e-02   6.4700800e-01   1.0693546e-01  -9.9855535e-02
  -8.7878034e-02  -9.7335631e-01   9.8276991e-01   1.2931191e+00   3.4669250e-01  -5.4062773e-02
  -3.2154983e-01  -8.4258872e-01   3.9740467e-01  -1.0283832e-01   6.1107254e-01  -6.1514527e-01
   1.2398575e-01   2.7057514e+00  -1.2400099e-01  -9.1896349e-01  -4.1315785e-01   3.4057699e-02
   4.8332131e-03  -9.0006575e-02   4.7137212e-02  -1.3590003e+00   7.7732517e-03  -2.3734564e-02
  -2.2601163e+00  -6.1303657e-02  -1.8823937e-01   1.8434572e-01  -6.2653959e-01   9.8194253e-01
   6.1867621e-02   1.5221378e-01   1.2040676e-01   1.4014485e+00   7.7023700e-02  -3.2716258e-03
  -2.6938832e-01  -5.1823583e-02  -1.9355478e+00   4.1645911e-02  -2.0826945e+00  -1.3300519e-02
  -8.8848531e-01   6.6838753e-01   1.3390781e+00  -1.3312669e-01   1.0893122e+00  -6.5434419e-02
  -1.6993505e+00  -6.4041507e-01   5.0717318e-01  -2.2952056e-01   8.2059038e-01  -3.0305257e-02
   2.3006675e+00   9.3988270e-01  -1.0704186e-01  -3.2908130e-01  -4.2372879e-01  -2.3642099e-01
   9.1681853e-02   1.0192370e-01   7.3053107e-02   1.7941214e-01   3.8221024e-03  -4.1099183e-02
  -1.5792233e+00  -9.9454772e-01  -2.3593755e-01   4.1763377e-01   5.9855908e-01   6.2807918e-02
  -1.9160415e+00  -9.8951936e-02   9.3041927e-01   2.6671305e-01   7.0648623e-01  -3.7418869e-01
  -6.6330425e-02   1.7281698e-01   2.2696704e-01   1.3730993e+00  -9.2402615e-02  -4.0608019e-02
   2.3850571e-02   5.8473319e-02   1.2826852e-02   1.3880335e+00   2.1073205e-02   3.5745278e-02
   1.5254773e+00   1.2003529e+00   1.3274281e+00  -7.0088369e-01  -7.1614939e-01  -8.0561377e-02
  -3.9992359e-02  -1.8153654e-01   1.3839437e-01  -1.3050221e+00   7.9702921e-02   4.7411799e-02
  -2.2504568e+00   3.2783985e-01  -9.3161404e-01  -4.8641983e-02   3.5928676e-01  -6.2403362e-02
  -3.5221480e-02  -2.9176608e-01   2.3860589e-01  -1.3738761e+00   1.7628396e-02  -3.2860175e-02
   6.9952416e-01   1.8756046e+00   2.3085020e-01   1.2890512e+00   1.3999085e-01  -7.2720990e-02
   1.3750534e+00  -7.5239402e-01  -1.2339621e+00   5.4695857e-01   6.8213743e-01  -1.5683249e-01
  -1.0766534e+00   1.8237236e-01  -1.1241596e+00  -2.6263568e-01  -1.0939189e+00   6.1601114e-01
  -1.6249754e-01   1.7041092e-01   1.6958212e+00  -5.7931639e-02  -5.4504114e-01   8.1562214e-02
  -1.0994699e-01  -9.8201931e-02   1.0125303e-04  -1.2284800e+00  -2.4669038e-02  -4.2319525e-02
   5.4401215e-02   1.0673166e-01   5.8743071e-02   1.3568377e+00   3.0981321e-02   3.0541990e-02
   1.5802568e-01  -2.0531222e-02  -1.4958553e-02   6.8427278e-03   1.2314489e-01  -1.1941906e-01
   6.4213371e-01   1.9175931e+00   3.4152800e-01  -5.7755184e-01   6.3277394e-01  -3.5677746e-01
   1.1134383e-02  -8.0480598e-02   6.8211682e-02  -1.2633617e+00   8.5582295e-03  -3.4536958e-02
   1.5020363e+00  -1.1451378e-01   8.6458886e-01  -2.0849553e-01   1.2286457e+00   2.8862533e-01
  -1.1869693e+00  -1.7511806e-01  -8.2527310e-01   1.4945681e-01  -8.1731868e-01  -1.1588008e+00
