   2.4148179e-02  -2.4149984e-02
   2.4149054e-02  -2.4145574e-02
   4.1227323e-03  -7.5000003e-03
   3.1415927e+00   1.1145292e-02
   9.3761735e-01  -9.4190404e-01
   9.9737543e-01  -9.8505210e-01
   9.9999993e-01  -9.9999555e-01
   1.5887581e-01  -1.5544644e-01
   1.5378172e-01  -1.6011787e-01
   7.8821402e-02  -5.0421059e-02
   1.8392028e-01  -1.0895004e-01
   1.5230569e-01  -1.2724041e-01
   6.4023561e+00  -3.8586648e+00
   1.9891211e+01  -2.2273532e+01
   1.9093963e+01  -1.6628780e+01
   3.4411690e+01  -5.6390047e+01
   3.0624696e+00  -3.6861072e+00
   1.7800440e+00  -2.9612447e+00
   2.4947130e+00  -3.0268909e+00
