   5.4329084e-03   1.0445476e-02   1.0486594e-02
   1.7587128e-01  -4.7220498e-01   2.5204340e-01
   6.8470240e-01  -2.7900744e-02  -2.2763968e-01
  -5.1433229e-01  -3.4182876e-01  -1.7342247e-01
  -2.7483389e-01   7.3865247e-01  -1.9902591e-01
  -1.1072771e-02   3.0310258e-01  -3.2066548e-01
  -5.3757881e-03  -1.4618726e-02   1.7090043e-03
  -1.0151720e-01  -7.7801064e-02   1.1211795e+00
   1.8587218e-01  -6.9367522e-01  -6.5051846e-02
   1.8513037e-01   1.1890717e-01   4.1734871e-01
   4.4205794e-01   3.3591777e-01   6.1081305e-02
  -1.0427552e-01   6.1951686e-02  -1.0480876e-01
  -9.7305216e-03  -2.9895362e-02  -1.4765857e-02
   2.2223841e-01  -3.1974795e-01  -5.6902117e-01
   4.3851566e-01   2.7396566e-01  -2.7446964e-01
   1.7640011e-03   1.2013069e-02  -1.5740834e-02
   5.6147301e-01  -4.5168352e-01  -1.0947189e-01
   2.1610650e-01   5.9972233e-01  -3.2296875e-01
   1.4688472e-01   7.9229973e-02  -1.6285636e+00
   1.8239450e-02  -4.1415580e-03   1.4806315e-02
  -7.3201126e-01  -5.1804596e-01   1.3023947e-01
  -4.6786818e-01   6.5031946e-01  -2.4766052e-01
  -7.3300952e-01  -3.0383185e-01  -1.6278160e-01
  -6.3177907e-01   1.3435042e-01   2.0568031e-01
  -2.9943863e-01  -4.6367636e-01   3.8534734e-01
  -1.9480778e-03  -6.9355532e-03  -1.4340663e-02
  -5.7788759e-01  -5.0126570e-01  -1.8972147e-01
   4.4543305e-01  -3.3069572e-01  -2.3645628e-02
  -4.5330197e-02  -1.8079624e-01   7.2204232e-01
   6.5183944e-01  -6.1579496e-01  -8.3758965e-02
   5.1807916e-01   2.5823927e-01   2.5894445e-01
  -3.9564598e-01  -6.2797457e-01   5.7123072e-02
   6.0224789e-01   6.5321213e-01  -5.8264393e-02
  -7.0837688e-01  -4.7671672e-02  -1.7867252e-01
  -3.9343454e-02   1.7392261e-01   1.2189312e+00
   4.2344206e-03   1.0690349e-02   7.8439349e-03
  -3.5630330e-03  -2.9263285e-01  -4.9362260e-01
  -2.4953364e-01   3.9537951e-01  -2.2702006e-01
  -3.4102255e-01  -7.1730417e-01  -1.5529589e-01
   8.6130999e-02   4.3725690e-01   2.6887199e-01
  -6.6709310e-01   2.3749459e-01   1.9455419e-01
   1.6291133e-01   1.6226609e-01   2.6056296e-01
   7.1394616e-01   3.6456335e-01  -1.3558362e-01
  -1.9647565e-01  -6.8157667e-01  -1.6699123e-01
   1.3432352e-02   5.3554676e-03   1.0711187e-02
  -2.2114654e-01  -2.8969074e-02   1.9640329e-01
  -7.6818891e-02   1.3458113e-01   3.4536910e-01
   3.1381389e-01   4.2655486e-01  -2.9076058e-01
  -7.2136188e-01   3.1141305e-01  -2.4270271e-01
  -3.2246608e-01  -2.0171012e-01   2.9008156e-01
   5.3583682e-01   3.1616405e-02   2.0266798e-01
   1.5639900e-01  -2.7956711e-02  -3.6479086e-01
  -1.7745641e-01  -2.1282002e-01  -1.0047251e+00
   4.2129481e-01  -6.3463479e-01  -8.5389055e-02
  -1.9972858e-01   3.8914663e-01   2.9933614e-01
  -3.6659130e-01   6.6019022e-01   1.7503984e-01
   3.3125570e-01  -3.2269242e-01   3.0868044e-01
   5.7165369e-02  -4.3311346e-02   6.3777035e-01
   2.0617974e-01  -8.8776040e-01   4.8770201e-01
  -2.9355248e-02  -7.2943628e-02   6.4639539e-01
   3.0179414e-01  -6.4390844e-01  -1.7962781e-01
   1.8850431e-01   5.3148985e-01   2.9074433e-01
   7.8678422e-02   6.3459985e-03   9.6921253e-01
   1.6565733e-01  -1.7715308e-01  -2.3300013e-01
